0.333747 0.605137 0.061116
0.723252 0.256575 0.020173
0.999980 0.000010 0.000010
0.999980 0.000010 0.000010
0.107637 0.892353 0.000010
0.905948 0.085831 0.008221
0.521924 0.240551 0.237524
0.423806 0.576184 0.000010
0.634404 0.365586 0.000010
0.000010 0.000010 0.999980
0.000010 0.000010 0.999980
0.000010 0.000010 0.999980
0.806737 0.149178 0.044086
0.628597 0.371393 0.000010
0.999980 0.000010 0.000010
0.266789 0.700556 0.032656
0.597031 0.373632 0.029337
0.734351 0.265639 0.000010
0.313318 0.686672 0.000010
0.787130 0.183514 0.029356
0.999980 0.000010 0.000010
0.628369 0.371621 0.000010
0.662858 0.000010 0.337132
0.362903 0.608014 0.029084
0.999980 0.000010 0.000010
0.999980 0.000010 0.000010
0.673745 0.293545 0.032710
0.741566 0.219726 0.038708
0.000010 0.978908 0.021082
0.642678 0.257580 0.099742
0.314929 0.623954 0.061117
0.572037 0.410555 0.017407
0.708452 0.258743 0.032805
0.971279 0.000010 0.028711
0.923655 0.054407 0.021938
0.221821 0.754197 0.023981
0.999980 0.000010 0.000010
0.843639 0.156351 0.000010
0.831151 0.135475 0.033374
0.954153 0.045837 0.000010
0.574985 0.425005 0.000010
0.260840 0.635721 0.103440
0.999980 0.000010 0.000010
0.999980 0.000010 0.000010
0.712310 0.287680 0.000010
0.565525 0.417514 0.016961
0.559945 0.425289 0.014766
0.537279 0.419893 0.042828
0.918674 0.074911 0.006414
0.861958 0.087227 0.050815
0.678221 0.295603 0.026176
0.674670 0.279703 0.045627
0.249221 0.680496 0.070283
0.730357 0.221853 0.047790
0.596347 0.403643 0.000010
0.615492 0.384498 0.000010
0.987593 0.000010 0.012397
0.398753 0.588266 0.012981
0.999980 0.000010 0.000010
0.999980 0.000010 0.000010
0.728175 0.271815 0.000010
0.863834 0.096944 0.039222
0.966618 0.033372 0.000010
0.346159 0.605080 0.048761
0.950697 0.000010 0.049293
0.751669 0.221745 0.026586
0.339264 0.583693 0.077042
0.746132 0.204831 0.049036
0.770701 0.176597 0.052701
0.551255 0.405115 0.043630
0.566982 0.409116 0.023901
0.431768 0.547661 0.020570
0.628032 0.371958 0.000010
0.425053 0.472018 0.102929
0.616172 0.383818 0.000010
0.820672 0.115742 0.063586
0.000010 0.968696 0.031294
0.679186 0.320804 0.000010
0.455893 0.544097 0.000010
0.394501 0.605489 0.000010
0.000010 0.976750 0.023240
0.823592 0.176398 0.000010
0.729044 0.270946 0.000010
0.729529 0.270461 0.000010
0.456142 0.506425 0.037433
0.723601 0.248403 0.027995
0.999980 0.000010 0.000010
0.578094 0.402702 0.019204
0.714759 0.244537 0.040704
0.429573 0.539410 0.031017
0.685047 0.267494 0.047459
0.376085 0.578180 0.045735
0.403105 0.546486 0.050409
0.148434 0.802179 0.049387
0.772304 0.199433 0.028263
0.435536 0.506244 0.058221
0.733699 0.254443 0.011858
0.898234 0.101756 0.000010
0.507884 0.392109 0.100008
0.507292 0.388507 0.104201
0.809844 0.132740 0.057417
0.788316 0.149871 0.061813
0.511340 0.488650 0.000010
0.543689 0.425156 0.031155
0.261695 0.738295 0.000010
0.619784 0.380206 0.000010
0.648402 0.319017 0.032581
0.456652 0.523020 0.020328
0.401418 0.476661 0.121921
0.207173 0.775413 0.017414
0.896308 0.082072 0.021619
0.740926 0.259064 0.000010
0.659987 0.225954 0.114059
0.999980 0.000010 0.000010
0.811650 0.188340 0.000010
0.598618 0.374186 0.027196
0.769389 0.230601 0.000010
0.605880 0.347001 0.047119
0.803354 0.164603 0.032043
0.542826 0.391800 0.065374
0.815437 0.151314 0.033248
0.999980 0.000010 0.000010
0.660838 0.000010 0.339152
0.153436 0.803215 0.043349
0.398236 0.601754 0.000010
0.000010 0.999980 0.000010
0.340900 0.659090 0.000010
0.834884 0.139063 0.026052
0.978222 0.021108 0.000670
0.896733 0.103257 0.000010
0.538238 0.461752 0.000010
0.692263 0.250471 0.057266
0.956132 0.042742 0.001127
0.708324 0.291666 0.000010
0.572572 0.427418 0.000010
0.337601 0.624137 0.038262
0.779774 0.199007 0.021218
0.999980 0.000010 0.000010
0.609880 0.380322 0.009798
0.463625 0.478148 0.058227
0.771037 0.125501 0.103462
0.591807 0.351302 0.056891
0.578238 0.419053 0.002709
0.000010 0.999980 0.000010
0.405933 0.533878 0.060188
0.840398 0.132303 0.027299
0.725466 0.261044 0.013490
0.785980 0.166306 0.047714
0.747712 0.213984 0.038304
0.624541 0.242237 0.133223
0.674450 0.325540 0.000010
0.695715 0.304275 0.000010
0.516562 0.483428 0.000010
0.832112 0.132812 0.035077
0.790626 0.209364 0.000010
0.561170 0.392907 0.045924
0.754224 0.245766 0.000010
0.454575 0.508067 0.037358
0.547270 0.434497 0.018233
0.913162 0.026906 0.059932
0.602208 0.291424 0.106368
0.516867 0.282408 0.200725
0.794911 0.157652 0.047436
0.478671 0.480867 0.040461
0.445512 0.522553 0.031935
0.539864 0.408563 0.051573
0.999980 0.000010 0.000010
0.835649 0.096163 0.068188
0.000010 0.000010 0.999980
0.331539 0.668451 0.000010
0.620705 0.379285 0.000010
0.755010 0.226894 0.018096
0.468125 0.531865 0.000010
0.811661 0.130245 0.058094
0.570241 0.423158 0.006601
0.801171 0.188999 0.009829
0.381811 0.555879 0.062310
0.681763 0.318227 0.000010
0.119303 0.880687 0.000010
0.675167 0.315906 0.008927
0.999980 0.000010 0.000010
0.424812 0.525243 0.049944
0.214806 0.776337 0.008857
0.492053 0.454462 0.053486
0.584629 0.320391 0.094980
0.531100 0.446944 0.021957
0.000010 0.999980 0.000010
0.877595 0.107799 0.014606
0.776380 0.180263 0.043357
0.627734 0.372256 0.000010
0.999980 0.000010 0.000010
0.676736 0.263591 0.059673
0.358190 0.629292 0.012518
0.785018 0.184487 0.030496
0.463676 0.536314 0.000010
0.964465 0.027028 0.008508
0.589553 0.404107 0.006340
0.770268 0.229722 0.000010
0.918517 0.000010 0.081473
0.999980 0.000010 0.000010
0.922403 0.055605 0.021991
0.681004 0.318986 0.000010
0.526356 0.429399 0.044245
0.999980 0.000010 0.000010
0.554818 0.425293 0.019889
0.999980 0.000010 0.000010
0.420069 0.579921 0.000010
0.383046 0.613285 0.003669
0.999980 0.000010 0.000010
0.999980 0.000010 0.000010
0.295830 0.704160 0.000010
0.000010 0.000010 0.999980
0.129204 0.831352 0.039445
0.000010 0.280801 0.719189
0.000010 0.999980 0.000010
0.826884 0.144711 0.028405
0.675889 0.306740 0.017371
0.000010 0.000010 0.999980
0.999980 0.000010 0.000010
0.785584 0.154434 0.059982
0.917115 0.000010 0.082875
0.000010 0.999980 0.000010
0.000010 0.000010 0.999980
0.999980 0.000010 0.000010
0.296443 0.703547 0.000010
0.395529 0.539366 0.065105
0.184452 0.815538 0.000010
0.423258 0.576732 0.000010
0.824613 0.134193 0.041194
0.184765 0.815225 0.000010
0.999980 0.000010 0.000010
0.999980 0.000010 0.000010
0.166989 0.833001 0.000010
0.550159 0.424571 0.025270
0.000010 0.000010 0.999980
0.728757 0.271233 0.000010
0.852829 0.110267 0.036904
0.730146 0.266562 0.003292
0.597941 0.334383 0.067676
0.906203 0.093787 0.000010
0.510460 0.489530 0.000010
0.999980 0.000010 0.000010
0.000010 0.999980 0.000010
0.999980 0.000010 0.000010
0.516892 0.282732 0.200376
0.750477 0.226359 0.023164
0.474676 0.482784 0.042540
0.889723 0.050566 0.059712
0.681245 0.298046 0.020709
0.895772 0.104218 0.000010
0.725937 0.247528 0.026534
0.340948 0.659042 0.000010
0.051066 0.948924 0.000010
0.535036 0.411977 0.052987
0.999980 0.000010 0.000010
0.621304 0.308600 0.070095
0.639180 0.360810 0.000010
0.785364 0.214626 0.000010
0.858213 0.107441 0.034347
0.525625 0.234079 0.240296
0.000010 0.999980 0.000010
0.999980 0.000010 0.000010
0.043186 0.956804 0.000010
0.999980 0.000010 0.000010
0.042385 0.957605 0.000010
0.000010 0.000010 0.999980
