0.329769 0.093575 0.483819 0.000010 0.000010 0.092817
0.249303 0.234433 0.113806 0.000010 0.000010 0.402439
0.000010 0.000010 0.000010 0.000010 0.000010 0.999950
0.000010 0.019889 0.109984 0.018320 0.051841 0.799956
0.462802 0.189931 0.149633 0.067574 0.130051 0.000010
0.000010 0.000010 0.465154 0.000010 0.243763 0.291053
0.000010 0.000010 0.000010 0.218100 0.781860 0.000010
0.000010 0.689745 0.000010 0.053069 0.000010 0.257157
0.073634 0.208724 0.000010 0.100576 0.120958 0.496098
0.000010 0.000010 0.000010 0.999950 0.000010 0.000010
0.000010 0.000010 0.000010 0.999950 0.000010 0.000010
0.000010 0.999950 0.000010 0.000010 0.000010 0.000010
0.170566 0.058186 0.217082 0.065762 0.051787 0.436618
0.000010 0.000010 0.000010 0.000010 0.999950 0.000010
0.000010 0.000010 0.000010 0.000010 0.321685 0.678275
0.603834 0.166012 0.152688 0.005432 0.000010 0.072025
0.239281 0.064769 0.381856 0.010067 0.158801 0.145225
0.193968 0.012577 0.258137 0.000010 0.205108 0.330200
0.491187 0.126631 0.255141 0.018344 0.108687 0.000010
0.000010 0.065706 0.000010 0.007162 0.112417 0.814695
0.000010 0.000010 0.000010 0.000010 0.000010 0.999950
0.200335 0.154384 0.270389 0.000010 0.374872 0.000010
0.216070 0.000010 0.783890 0.000010 0.000010 0.000010
0.267634 0.087663 0.122486 0.105607 0.055625 0.360986
0.066281 0.000010 0.000010 0.000010 0.000010 0.933679
0.000010 0.000010 0.139019 0.000010 0.099101 0.761850
0.000010 0.061201 0.082346 0.000010 0.055972 0.800461
0.146795 0.000010 0.239786 0.079386 0.110053 0.423970
0.528511 0.311006 0.160169 0.000010 0.000294 0.000010
0.000010 0.000010 0.192980 0.067413 0.278036 0.461551
0.209600 0.248673 0.318857 0.095404 0.102863 0.024602
0.019964 0.172362 0.372021 0.000010 0.106179 0.329464
0.327295 0.000010 0.451838 0.000010 0.000010 0.220837
0.000010 0.000010 0.109816 0.000010 0.094789 0.795366
0.000010 0.216953 0.000010 0.081743 0.000010 0.701274
0.349320 0.210081 0.000010 0.095018 0.142102 0.203469
0.000010 0.000010 0.000010 0.000010 0.346722 0.653238
0.000010 0.114111 0.635261 0.031348 0.219260 0.000010
0.000010 0.000010 0.999950 0.000010 0.000010 0.000010
0.092346 0.000010 0.175108 0.000010 0.251823 0.480704
0.206939 0.388263 0.091926 0.000010 0.255801 0.057060
0.433278 0.040483 0.000010 0.040253 0.024056 0.461920
0.000010 0.005908 0.202226 0.000010 0.265004 0.526841
0.070863 0.000010 0.000010 0.000010 0.000010 0.929097
0.108892 0.089481 0.229953 0.025980 0.000010 0.545685
0.348697 0.290551 0.265016 0.007950 0.000010 0.087776
0.177801 0.000010 0.554249 0.049563 0.112101 0.106277
0.119218 0.173478 0.248088 0.070921 0.018375 0.369920
0.000010 0.000010 0.257911 0.000010 0.081377 0.660682
0.073237 0.190122 0.107826 0.003355 0.004732 0.620729
0.138168 0.000010 0.057764 0.000010 0.210596 0.593451
0.142070 0.101581 0.306815 0.000010 0.069275 0.380249
0.268800 0.333390 0.000010 0.023533 0.107641 0.266627
0.209767 0.000010 0.400929 0.000010 0.166306 0.222978
0.402733 0.000010 0.174567 0.011002 0.000010 0.411678
0.255538 0.224386 0.237778 0.015502 0.000010 0.266786
0.000010 0.000010 0.456933 0.000010 0.076164 0.466873
0.451341 0.147552 0.266618 0.064269 0.016592 0.053628
0.000010 0.000010 0.000010 0.000010 0.000010 0.999950
0.000010 0.013883 0.056482 0.044963 0.167505 0.717157
0.000010 0.293057 0.363476 0.000010 0.155661 0.187787
0.009271 0.168599 0.079132 0.000010 0.251384 0.491603
0.063674 0.000010 0.628698 0.000010 0.180788 0.126820
0.404050 0.061297 0.252034 0.045273 0.237335 0.000010
0.031841 0.026903 0.328916 0.021885 0.359874 0.230581
0.147002 0.154142 0.000010 0.086382 0.000010 0.612454
0.208835 0.217133 0.214276 0.029959 0.114096 0.215701
0.017224 0.372657 0.000010 0.000010 0.000010 0.610089
0.159823 0.000010 0.104237 0.043114 0.354229 0.338587
0.199359 0.417510 0.181507 0.000010 0.201604 0.000010
0.326635 0.037346 0.031599 0.091475 0.000010 0.512936
0.105501 0.527928 0.000010 0.073286 0.000010 0.293266
0.000010 0.000010 0.000010 0.000010 0.999950 0.000010
0.388113 0.054254 0.106958 0.000010 0.000010 0.450655
0.473071 0.074768 0.180128 0.072964 0.126291 0.072777
0.129252 0.181696 0.000010 0.084980 0.000010 0.604053
0.691934 0.182075 0.000010 0.025848 0.000010 0.100122
0.194878 0.046173 0.504012 0.000010 0.076443 0.178484
0.224932 0.169179 0.563163 0.042707 0.000010 0.000010
0.531474 0.000010 0.000010 0.033244 0.000010 0.435252
0.634581 0.294887 0.000010 0.070502 0.000010 0.000010
0.134916 0.167337 0.297886 0.000010 0.113840 0.286011
0.087147 0.106970 0.274375 0.006627 0.000010 0.524871
0.000010 0.165050 0.163464 0.109336 0.171285 0.390854
0.297306 0.251544 0.000153 0.000010 0.194701 0.256286
0.087325 0.071585 0.389132 0.001253 0.149549 0.301156
0.000010 0.000010 0.121259 0.005886 0.147133 0.725701
0.123102 0.246772 0.449307 0.016928 0.000010 0.163880
0.068212 0.176338 0.000010 0.000010 0.000010 0.755420
0.126601 0.355077 0.284560 0.000010 0.191102 0.042650
0.000010 0.170779 0.005933 0.125702 0.268384 0.429192
0.467335 0.000010 0.068813 0.021901 0.277429 0.164512
0.315553 0.173261 0.000010 0.066906 0.352504 0.091766
0.412054 0.122397 0.108104 0.128749 0.000010 0.228686
0.000010 0.156837 0.193086 0.032859 0.367687 0.249520
0.441037 0.000010 0.000010 0.000010 0.384846 0.174087
0.084743 0.000010 0.030870 0.120568 0.042332 0.721477
0.000010 0.051608 0.301335 0.041125 0.000010 0.605912
0.279231 0.070056 0.188532 0.116965 0.313786 0.031431
0.179140 0.512938 0.254606 0.032589 0.011669 0.009057
0.078501 0.210552 0.482849 0.000010 0.037817 0.190271
0.233717 0.000010 0.072527 0.000010 0.000010 0.693725
0.093339 0.219017 0.000010 0.075070 0.612554 0.000010
0.141219 0.244884 0.169102 0.000010 0.150918 0.293867
0.387030 0.535145 0.000010 0.041944 0.000010 0.035860
0.048046 0.178824 0.180635 0.016831 0.404027 0.171637
0.122453 0.286155 0.086967 0.011074 0.114977 0.378374
0.305529 0.106852 0.340187 0.008618 0.147497 0.091316
0.265307 0.198468 0.055343 0.000010 0.000010 0.480862
0.459809 0.127545 0.298078 0.000010 0.114548 0.000010
0.001051 0.000010 0.073232 0.015289 0.000010 0.910408
0.266637 0.000010 0.083239 0.000010 0.068652 0.581453
0.119405 0.000010 0.647514 0.011221 0.125083 0.096768
0.000010 0.000010 0.154094 0.000010 0.055140 0.790736
0.000010 0.157924 0.191153 0.000010 0.227544 0.423359
0.286156 0.000010 0.143492 0.024644 0.134539 0.411159
0.157026 0.000010 0.368563 0.116066 0.033248 0.325087
0.222670 0.000010 0.200729 0.063059 0.041465 0.472068
0.000010 0.000010 0.475851 0.019789 0.106984 0.397357
0.164036 0.087682 0.220757 0.077070 0.000010 0.450445
0.000010 0.002528 0.298464 0.050438 0.294394 0.354165
0.000010 0.000010 0.077735 0.000010 0.187440 0.734795
0.212314 0.000010 0.787646 0.000010 0.000010 0.000010
0.377475 0.245806 0.194929 0.028650 0.153129 0.000010
0.393985 0.384264 0.086309 0.000010 0.000010 0.135422
0.999950 0.000010 0.000010 0.000010 0.000010 0.000010
0.146204 0.311470 0.542296 0.000010 0.000010 0.000010
0.163877 0.000010 0.221621 0.077738 0.000010 0.536744
0.000010 0.000010 0.084087 0.000010 0.055110 0.860773
0.000010 0.174363 0.000010 0.040903 0.304468 0.480245
0.360890 0.138822 0.177379 0.013972 0.000010 0.308928
0.023860 0.061856 0.335514 0.022948 0.120804 0.435017
0.000010 0.136844 0.335220 0.000010 0.000010 0.527906
0.043313 0.086216 0.330558 0.038911 0.051964 0.449038
0.435312 0.000010 0.564648 0.000010 0.000010 0.000010
0.453416 0.124544 0.365624 0.056397 0.000010 0.000010
0.090319 0.000010 0.000010 0.046661 0.072204 0.790796
0.000010 0.000010 0.266370 0.000010 0.208253 0.525347
0.171534 0.285183 0.117975 0.076256 0.080342 0.268710
0.453551 0.090146 0.084929 0.018448 0.227182 0.125744
0.009617 0.013120 0.132636 0.055335 0.154458 0.634833
0.018504 0.420536 0.000010 0.095029 0.189635 0.276286
0.282546 0.111734 0.000010 0.129975 0.000010 0.475725
0.937857 0.040697 0.000010 0.021416 0.000010 0.000010
0.194970 0.221703 0.332895 0.046311 0.192838 0.011282
0.068308 0.000010 0.368293 0.067665 0.000010 0.495715
0.221665 0.000010 0.208680 0.006982 0.000010 0.562653
0.000010 0.091841 0.361557 0.000010 0.162275 0.384306
0.413974 0.000010 0.238284 0.018975 0.141162 0.187595
0.223105 0.103963 0.431143 0.010854 0.000010 0.230925
0.155286 0.000010 0.595138 0.021298 0.061574 0.166694
0.067961 0.384137 0.152912 0.000010 0.225317 0.169663
0.373540 0.168957 0.041728 0.000010 0.000010 0.415755
0.022868 0.000010 0.307834 0.079857 0.090953 0.498479
0.086426 0.045285 0.195187 0.147660 0.000010 0.525432
0.448064 0.061408 0.320053 0.000010 0.000010 0.170455
0.277415 0.124144 0.250717 0.000010 0.000010 0.347704
0.472581 0.031653 0.337281 0.000010 0.158465 0.000010
0.130465 0.000010 0.272075 0.067938 0.237630 0.291883
0.000010 0.000010 0.244726 0.000010 0.324189 0.431055
0.122291 0.257368 0.000010 0.034731 0.072724 0.512876
0.000010 0.000010 0.000010 0.000010 0.999950 0.000010
0.011957 0.238811 0.000010 0.003097 0.265566 0.480560
0.151080 0.283514 0.054956 0.000010 0.000010 0.510430
0.127893 0.127251 0.256374 0.092142 0.251940 0.144400
0.366147 0.000010 0.133108 0.000010 0.131640 0.369085
0.000010 0.044299 0.000010 0.037533 0.000010 0.918138
0.230583 0.000010 0.126872 0.085465 0.180348 0.376722
0.000010 0.000010 0.000010 0.999950 0.000010 0.000010
0.447431 0.038462 0.376744 0.000010 0.137343 0.000010
0.191622 0.000010 0.241068 0.106463 0.165357 0.295480
0.101552 0.000010 0.428770 0.000010 0.184435 0.285223
0.295166 0.171053 0.000010 0.006162 0.273617 0.253993
0.154098 0.063954 0.316712 0.000010 0.199842 0.265384
0.222014 0.136994 0.280104 0.087079 0.000010 0.273799
0.000010 0.000010 0.175333 0.013059 0.075916 0.735673
0.444203 0.079066 0.000010 0.030420 0.238188 0.208112
0.092428 0.000010 0.105615 0.019030 0.180987 0.601930
0.580204 0.148154 0.059276 0.090151 0.101106 0.021109
0.278552 0.027208 0.267362 0.000010 0.039940 0.386927
0.000010 0.000010 0.000010 0.000010 0.999950 0.000010
0.300509 0.070783 0.179770 0.150249 0.000010 0.298679
0.352682 0.361825 0.240833 0.044640 0.000010 0.000010
0.142391 0.334692 0.058472 0.055473 0.158788 0.250184
0.018611 0.313431 0.317435 0.000010 0.281042 0.069471
0.228711 0.267412 0.217058 0.103875 0.000010 0.182934
0.755353 0.049470 0.148688 0.040698 0.005782 0.000010
0.000010 0.166260 0.136655 0.083842 0.000010 0.613222
0.214309 0.121922 0.390492 0.000010 0.000010 0.273256
0.148300 0.217462 0.000010 0.000010 0.239892 0.394326
0.000010 0.028845 0.000010 0.014066 0.000010 0.957059
0.181881 0.000010 0.123753 0.105479 0.000010 0.588867
0.208956 0.341980 0.258433 0.044139 0.146483 0.000010
0.000010 0.154676 0.292114 0.018211 0.065678 0.469310
0.286154 0.146046 0.102885 0.000010 0.137264 0.327641
0.000010 0.078936 0.179472 0.000010 0.000010 0.741562
0.248591 0.166508 0.275554 0.000010 0.000010 0.309327
0.266890 0.000010 0.338607 0.000010 0.051280 0.343204
0.000010 0.000010 0.000010 0.000010 0.000010 0.999950
0.000010 0.070131 0.010851 0.000010 0.000010 0.918988
0.000010 0.009239 0.200843 0.004295 0.177549 0.608064
0.205825 0.084680 0.357011 0.000010 0.047456 0.305018
0.436246 0.159016 0.404708 0.000010 0.000010 0.000010
0.000010 0.000010 0.937663 0.000010 0.000010 0.062297
0.144347 0.253174 0.000010 0.031901 0.033878 0.536690
0.000010 0.000010 0.999950 0.000010 0.000010 0.000010
0.349552 0.199657 0.015113 0.022500 0.243536 0.169642
0.558462 0.082249 0.059162 0.024881 0.275235 0.000010
0.000010 0.000010 0.999950 0.000010 0.000010 0.000010
0.000010 0.000010 0.000010 0.000010 0.000010 0.999950
0.999950 0.000010 0.000010 0.000010 0.000010 0.000010
0.644526 0.000010 0.000010 0.000010 0.000010 0.355434
0.555496 0.179508 0.000010 0.030758 0.092137 0.142091
0.879095 0.112449 0.000010 0.008426 0.000010 0.000010
0.817232 0.182728 0.000010 0.000010 0.000010 0.000010
0.034697 0.000010 0.537430 0.036117 0.058670 0.333076
0.078344 0.109871 0.214357 0.075115 0.314056 0.208258
0.645373 0.000010 0.000010 0.000010 0.000010 0.354587
0.000010 0.000010 0.000010 0.000010 0.000010 0.999950
0.283100 0.000010 0.193732 0.050733 0.000010 0.472415
0.000010 0.000010 0.000010 0.000010 0.000010 0.999950
0.729797 0.270160 0.000010 0.000010 0.000012 0.000010
0.000010 0.999950 0.000010 0.000010 0.000010 0.000010
0.000010 0.000010 0.999950 0.000010 0.000010 0.000010
0.999950 0.000010 0.000010 0.000010 0.000010 0.000010
0.265935 0.467317 0.094563 0.000014 0.172162 0.000010
0.000010 0.999950 0.000010 0.000010 0.000010 0.000010
0.000010 0.692714 0.000010 0.053104 0.000010 0.254152
0.002430 0.094242 0.265307 0.083434 0.033024 0.521562
0.000010 0.999950 0.000010 0.000010 0.000010 0.000010
0.000010 0.000010 0.930977 0.000010 0.000010 0.068983
0.000010 0.000010 0.999950 0.000010 0.000010 0.000010
0.656768 0.000010 0.095233 0.000010 0.247969 0.000010
0.207627 0.157010 0.302078 0.041033 0.003840 0.288412
0.000010 0.999950 0.000010 0.000010 0.000010 0.000010
0.238911 0.000010 0.429363 0.000010 0.222690 0.109016
0.038662 0.138639 0.279660 0.147017 0.141586 0.254436
0.138934 0.000010 0.592034 0.000010 0.000010 0.269001
0.092534 0.000010 0.592584 0.057810 0.152508 0.104555
0.000010 0.162464 0.062684 0.000821 0.116361 0.657660
0.091386 0.222018 0.000010 0.076967 0.609610 0.000010
0.000010 0.000010 0.218470 0.000010 0.000010 0.781490
0.920625 0.079335 0.000010 0.000010 0.000010 0.000010
0.000010 0.000010 0.000010 0.000010 0.999950 0.000010
0.000010 0.000010 0.000010 0.000010 0.999950 0.000010
0.157980 0.277794 0.002006 0.000010 0.000010 0.562201
0.242666 0.239683 0.192560 0.066619 0.000010 0.258462
0.163904 0.000010 0.479806 0.000010 0.077749 0.278521
0.229397 0.000010 0.312292 0.043950 0.262804 0.151547
0.000010 0.000010 0.202571 0.053852 0.000010 0.743547
0.307771 0.000010 0.153322 0.059842 0.000010 0.479045
0.142104 0.308225 0.549641 0.000010 0.000010 0.000010
0.539519 0.012955 0.000010 0.000010 0.447496 0.000010
0.220043 0.174710 0.106490 0.015943 0.110668 0.372146
0.000010 0.000010 0.000010 0.000010 0.072583 0.927377
0.050046 0.000010 0.112906 0.098806 0.165558 0.572674
0.022540 0.051505 0.096814 0.056499 0.156654 0.615988
0.127531 0.000010 0.306978 0.034183 0.082901 0.448397
0.000010 0.000010 0.113772 0.080892 0.000010 0.805306
0.000010 0.000010 0.000010 0.206615 0.793345 0.000010
0.999950 0.000010 0.000010 0.000010 0.000010 0.000010
0.000010 0.000010 0.049063 0.000010 0.113194 0.837714
0.531223 0.000010 0.000010 0.000010 0.468737 0.000010
0.000010 0.000010 0.258355 0.004417 0.310488 0.426720
0.997683 0.000010 0.000010 0.000010 0.000010 0.002277
0.000010 0.999950 0.000010 0.000010 0.000010 0.000010
