0.330332 0.000010 0.282223 0.248152 0.139283
0.369506 0.000010 0.085223 0.545250 0.000010
0.000010 0.000010 0.000010 0.997838 0.002132
0.000010 0.021947 0.000010 0.701159 0.276874
0.541398 0.066465 0.232346 0.037576 0.122216
0.000010 0.031137 0.239275 0.585241 0.144337
0.067939 0.144769 0.580421 0.000010 0.206862
0.000010 0.000010 0.000010 0.000010 0.999960
0.190953 0.109771 0.000010 0.582000 0.117266
0.000010 0.999960 0.000010 0.000010 0.000010
0.000010 0.999960 0.000010 0.000010 0.000010
0.362698 0.000010 0.000010 0.000010 0.637272
0.181736 0.045961 0.256341 0.435688 0.080273
0.330952 0.000010 0.000010 0.669018 0.000010
0.000010 0.000010 0.000010 0.741557 0.258413
0.656663 0.000010 0.299259 0.031598 0.012470
0.277145 0.008511 0.158690 0.280595 0.275060
0.150467 0.000010 0.399371 0.450142 0.000010
0.535514 0.007069 0.202047 0.000010 0.255360
0.000010 0.042482 0.000010 0.957488 0.000010
0.000010 0.000010 0.000010 0.999960 0.000010
0.304810 0.000010 0.357591 0.337579 0.000010
0.000010 0.000010 0.999960 0.000010 0.000010
0.298666 0.109084 0.086154 0.370937 0.135159
0.000010 0.000010 0.000010 0.000010 0.999960
0.000010 0.000010 0.074424 0.925546 0.000010
0.000010 0.000010 0.143782 0.735940 0.120258
0.134715 0.084088 0.020689 0.517580 0.242928
0.639935 0.000010 0.101298 0.000010 0.258747
0.000010 0.090744 0.166394 0.712341 0.030510
0.264196 0.058706 0.179074 0.000010 0.498014
0.096777 0.000010 0.166195 0.412269 0.324748
0.292795 0.000010 0.197442 0.319464 0.190288
0.000010 0.000010 0.000010 0.999960 0.000010
0.057712 0.087678 0.000010 0.572790 0.281811
0.512080 0.093392 0.033636 0.360882 0.000010
0.000010 0.000010 0.000010 0.558362 0.441608
0.047165 0.039828 0.458454 0.326666 0.127887
0.000010 0.041367 0.663155 0.150103 0.145365
0.108365 0.013080 0.071951 0.806594 0.000010
0.434462 0.000010 0.061887 0.233484 0.270157
0.424572 0.019017 0.082041 0.285987 0.188383
0.000010 0.000010 0.043629 0.763883 0.192468
0.000010 0.000010 0.000010 0.000010 0.999960
0.094336 0.022469 0.301160 0.582025 0.000010
0.489307 0.038135 0.177954 0.294594 0.000010
0.139295 0.056737 0.391220 0.280014 0.132735
0.184379 0.071816 0.270377 0.452189 0.021239
0.000010 0.000010 0.132345 0.851962 0.015673
0.158212 0.017786 0.000010 0.607579 0.216413
0.148905 0.000010 0.000010 0.698832 0.152243
0.143004 0.000010 0.138548 0.403373 0.315065
0.474514 0.031659 0.019067 0.437407 0.037352
0.201070 0.004764 0.359550 0.434606 0.000010
0.302804 0.015322 0.209730 0.224134 0.248010
0.368354 0.020034 0.168949 0.414954 0.027708
0.000010 0.000010 0.324940 0.675030 0.000010
0.456843 0.051379 0.199877 0.000010 0.291891
0.000010 0.000010 0.000010 0.999960 0.000010
0.000010 0.061889 0.000010 0.851081 0.087009
0.176052 0.000010 0.303275 0.520654 0.000010
0.147960 0.000010 0.000010 0.713347 0.138673
0.002307 0.000010 0.320562 0.410481 0.266641
0.420016 0.052972 0.301384 0.225619 0.000010
0.069179 0.027391 0.182909 0.647390 0.073131
0.176705 0.077672 0.000010 0.479734 0.265879
0.278539 0.045614 0.160453 0.234416 0.280977
0.112238 0.000010 0.000010 0.366435 0.521307
0.243830 0.051711 0.018187 0.575878 0.110394
0.495203 0.000010 0.088519 0.338799 0.077468
0.330407 0.084862 0.128705 0.456016 0.000010
0.343622 0.000010 0.000010 0.255280 0.401078
0.328416 0.000010 0.000010 0.671554 0.000010
0.338452 0.003878 0.336257 0.321403 0.000010
0.435545 0.044989 0.081228 0.000010 0.438228
0.185360 0.000010 0.241672 0.402007 0.170951
0.760262 0.022568 0.017426 0.000010 0.199733
0.148782 0.000010 0.382488 0.201771 0.266949
0.211036 0.052129 0.470388 0.113712 0.152735
0.504194 0.019529 0.109377 0.294674 0.072226
0.925760 0.074210 0.000010 0.000010 0.000010
0.206149 0.000010 0.301934 0.491897 0.000010
0.095260 0.013361 0.081556 0.504618 0.305205
0.101108 0.109455 0.159263 0.598884 0.031290
0.379566 0.000010 0.118891 0.270711 0.230822
0.062955 0.007194 0.231316 0.314576 0.383960
0.000010 0.007440 0.094392 0.898148 0.000010
0.238555 0.044210 0.233767 0.369165 0.114303
0.143318 0.000010 0.041944 0.660539 0.154189
0.261134 0.000010 0.048658 0.230456 0.459742
0.114002 0.136751 0.000010 0.666503 0.082734
0.500095 0.026879 0.084141 0.304146 0.084739
0.483639 0.054754 0.000010 0.336159 0.125437
0.459112 0.125275 0.109258 0.184960 0.121394
0.082617 0.049237 0.114592 0.491370 0.262183
0.572995 0.000010 0.000010 0.360762 0.066223
0.028978 0.080858 0.080529 0.468720 0.340916
0.000010 0.047853 0.206533 0.745594 0.000010
0.327917 0.115242 0.115074 0.131752 0.310016
0.377961 0.000010 0.097192 0.053823 0.471014
0.146028 0.000010 0.272373 0.348187 0.233402
0.226275 0.000010 0.032388 0.741317 0.000010
0.359679 0.121179 0.000010 0.519122 0.000010
0.239049 0.000010 0.059678 0.330462 0.370801
0.658368 0.073795 0.000010 0.183625 0.084202
0.226238 0.012727 0.000010 0.462443 0.298582
0.289284 0.012701 0.053878 0.428441 0.215695
0.367276 0.010614 0.250622 0.197874 0.173613
0.327365 0.000010 0.005639 0.428990 0.237996
0.514856 0.000010 0.211527 0.034792 0.238816
0.000010 0.032089 0.198477 0.769414 0.000010
0.262581 0.000010 0.028202 0.586392 0.122816
0.065608 0.025906 0.452523 0.172700 0.283263
0.000010 0.002630 0.000010 0.997340 0.000010
0.136666 0.000010 0.000010 0.863304 0.000010
0.254583 0.023714 0.241684 0.292715 0.187304
0.096712 0.104654 0.275056 0.375054 0.148524
0.165024 0.068697 0.160476 0.453202 0.152600
0.000010 0.021189 0.324397 0.620481 0.033923
0.082011 0.063053 0.278022 0.168925 0.407989
0.042433 0.078162 0.000010 0.691247 0.188148
0.000010 0.000010 0.000010 0.999960 0.000010
0.000010 0.000010 0.999960 0.000010 0.000010
0.539381 0.058643 0.167557 0.234409 0.000010
0.519764 0.000010 0.112639 0.000010 0.367576
0.999960 0.000010 0.000010 0.000010 0.000010
0.000010 0.000010 0.999960 0.000010 0.000010
0.127735 0.081758 0.167980 0.553950 0.068577
0.000010 0.000010 0.000010 0.940301 0.059669
0.047614 0.109169 0.000010 0.820236 0.022971
0.327840 0.007254 0.308965 0.174513 0.181428
0.075178 0.040449 0.082617 0.580095 0.221662
0.006382 0.000010 0.327956 0.665642 0.000010
0.047415 0.044502 0.038914 0.562314 0.306855
0.339782 0.000010 0.440049 0.201951 0.018207
0.465060 0.076150 0.379711 0.001220 0.077859
0.084174 0.051934 0.000011 0.863872 0.000010
0.000010 0.000010 0.158170 0.556491 0.285320
0.297191 0.082291 0.066744 0.313214 0.240560
0.520741 0.044816 0.185828 0.248606 0.000010
0.000010 0.068883 0.228354 0.699416 0.003337
0.266340 0.086515 0.000010 0.423046 0.224090
0.312469 0.122772 0.039905 0.361232 0.163622
0.884617 0.004662 0.000010 0.000010 0.110701
0.260011 0.029528 0.228945 0.000010 0.481506
0.019764 0.077876 0.153265 0.605595 0.143500
0.195394 0.001271 0.202025 0.581061 0.020249
0.000010 0.000010 0.136154 0.695035 0.168791
0.341429 0.035803 0.271151 0.194962 0.156655
0.227363 0.000010 0.368636 0.309437 0.094554
0.076656 0.065351 0.142022 0.155135 0.560835
0.267630 0.000010 0.025664 0.375414 0.331282
0.456923 0.000010 0.000010 0.426117 0.116940
0.000010 0.016489 0.239559 0.484406 0.259536
0.042763 0.153842 0.158526 0.445748 0.199120
0.391403 0.000010 0.265313 0.000010 0.343264
0.302832 0.000010 0.288047 0.409101 0.000010
0.433478 0.000010 0.496530 0.069973 0.000010
0.122605 0.069896 0.163922 0.437231 0.206346
0.062139 0.004554 0.037496 0.895801 0.000010
0.190934 0.029067 0.000010 0.371632 0.408357
0.000010 0.000010 0.000010 0.000010 0.999960
0.172337 0.000010 0.000010 0.607372 0.220271
0.277648 0.000010 0.000010 0.542381 0.179951
0.201532 0.078257 0.155611 0.314529 0.250072
0.364732 0.000010 0.181282 0.453965 0.000010
0.000010 0.035426 0.000010 0.837974 0.126580
0.221154 0.068390 0.156955 0.432691 0.120810
0.000010 0.999960 0.000010 0.000010 0.000010
0.533876 0.000010 0.141894 0.324210 0.000010
0.119652 0.100461 0.249476 0.236810 0.293602
0.124464 0.000010 0.138600 0.563781 0.173145
0.437637 0.000010 0.000010 0.345493 0.216850
0.206297 0.000010 0.267857 0.525826 0.000010
0.211663 0.067335 0.147489 0.209058 0.364456
0.003893 0.035999 0.087495 0.872602 0.000010
0.529286 0.012277 0.052272 0.323153 0.083012
0.105714 0.022685 0.131829 0.739762 0.000010
0.607135 0.075539 0.000010 0.000010 0.317307
0.260413 0.000010 0.063106 0.425298 0.251173
0.078572 0.000010 0.000010 0.921398 0.000010
0.247474 0.159537 0.228382 0.027443 0.337164
0.493776 0.057414 0.199798 0.133966 0.115047
0.323282 0.054767 0.059759 0.345853 0.216339
0.241302 0.009258 0.076309 0.341561 0.331570
0.332309 0.145379 0.090310 0.280970 0.151031
0.756618 0.042684 0.200678 0.000010 0.000010
0.000010 0.073621 0.106110 0.482629 0.337630
0.215518 0.000010 0.130244 0.279885 0.374343
0.249289 0.000010 0.000010 0.342619 0.408072
0.000010 0.007276 0.000010 0.816884 0.175820
0.156875 0.103688 0.130176 0.588380 0.020882
0.371313 0.047513 0.178145 0.006768 0.396261
0.029144 0.026043 0.365841 0.572507 0.006464
0.336114 0.000010 0.000010 0.340325 0.323541
0.000010 0.000010 0.000010 0.776400 0.223570
0.347568 0.000010 0.076051 0.426435 0.149936
0.221643 0.000010 0.334866 0.443471 0.000010
0.000010 0.000010 0.000010 0.534343 0.465627
0.000010 0.000017 0.000010 0.994475 0.005488
0.000010 0.000010 0.000010 0.735190 0.264780
0.211465 0.026156 0.029699 0.338463 0.394217
0.487256 0.006496 0.312159 0.000010 0.194079
0.000010 0.088508 0.000010 0.911462 0.000010
0.192038 0.028965 0.000010 0.425878 0.353109
0.000010 0.000010 0.000010 0.000010 0.999960
0.504211 0.037231 0.000010 0.249278 0.209270
0.652449 0.013709 0.095691 0.005061 0.233090
0.000010 0.000010 0.999960 0.000010 0.000010
0.000010 0.000010 0.000010 0.999960 0.000010
0.999960 0.000010 0.000010 0.000010 0.000010
0.660348 0.000010 0.000010 0.339622 0.000010
0.605022 0.035362 0.103632 0.081393 0.174592
0.974838 0.000010 0.000010 0.025132 0.000010
0.999960 0.000010 0.000010 0.000010 0.000010
0.000010 0.000010 0.374983 0.500920 0.124077
0.150296 0.096051 0.040506 0.444806 0.268340
0.661542 0.000010 0.000010 0.338428 0.000010
0.000010 0.000010 0.000010 0.999960 0.000010
0.254846 0.012143 0.276019 0.456982 0.000010
0.000010 0.000010 0.000010 0.533928 0.466042
0.931508 0.000010 0.000010 0.000010 0.068462
0.365861 0.000010 0.000010 0.000010 0.634109
0.000010 0.000010 0.000010 0.000010 0.999960
0.999960 0.000010 0.000010 0.000010 0.000010
0.570230 0.000010 0.005152 0.193416 0.231192
0.505881 0.036985 0.000010 0.457114 0.000010
0.000010 0.000010 0.000010 0.000010 0.999960
0.031275 0.090388 0.197742 0.680585 0.000010
0.501424 0.037579 0.000010 0.460976 0.000010
0.000010 0.087190 0.000010 0.912780 0.000010
0.000010 0.000010 0.999960 0.000010 0.000010
0.679474 0.000010 0.218198 0.102308 0.000010
0.256280 0.050474 0.038055 0.317506 0.337686
0.641019 0.000010 0.000010 0.358951 0.000010
0.276385 0.000010 0.193146 0.530448 0.000010
0.101640 0.152148 0.061377 0.430319 0.254516
0.095791 0.000010 0.374409 0.529781 0.000010
0.072214 0.000010 0.397317 0.259721 0.270738
0.090834 0.017841 0.000010 0.891305 0.000010
0.357965 0.122868 0.000010 0.519148 0.000010
0.000010 0.000010 0.018306 0.819338 0.162336
0.999960 0.000010 0.000010 0.000010 0.000010
0.078898 0.000010 0.000010 0.921072 0.000010
0.000010 0.000010 0.000010 0.000010 0.999960
0.277767 0.000010 0.000010 0.514874 0.207339
0.266747 0.065224 0.073224 0.082010 0.512794
0.077028 0.000010 0.436318 0.292311 0.194333
0.222739 0.043673 0.302843 0.430735 0.000010
0.000010 0.050989 0.003838 0.689235 0.255928
0.233923 0.064528 0.284926 0.416613 0.000010
0.000010 0.000010 0.999960 0.000010 0.000010
0.704471 0.000010 0.000010 0.000010 0.295499
0.286685 0.011725 0.000010 0.352726 0.348853
0.000010 0.000010 0.000010 0.829201 0.170769
0.024838 0.104814 0.066301 0.606403 0.197644
0.013465 0.061748 0.000010 0.578486 0.346291
0.099638 0.007208 0.266212 0.405023 0.221918
0.000010 0.076979 0.138154 0.396459 0.388398
0.068478 0.137698 0.596217 0.000010 0.197596
0.999960 0.000010 0.000010 0.000010 0.000010
0.000010 0.000010 0.000010 0.999960 0.000010
0.719214 0.000010 0.000010 0.000010 0.280756
0.000010 0.030360 0.141098 0.828521 0.000010
0.886289 0.000010 0.113681 0.000010 0.000010
0.639327 0.000010 0.000010 0.360643 0.000010
