0.547181 0.448450 0.004369
0.614305 0.385685 0.000010
0.999980 0.000010 0.000010
0.975314 0.000010 0.024676
0.262451 0.663144 0.074405
0.964859 0.000010 0.035131
0.551796 0.238019 0.210185
0.588372 0.320468 0.091160
0.671067 0.215772 0.113160
0.000010 0.000010 0.999980
0.000010 0.000010 0.999980
0.411415 0.552390 0.036194
0.700729 0.234923 0.064349
0.645807 0.354183 0.000010
0.999980 0.000010 0.000010
0.240640 0.758145 0.001215
0.640423 0.343683 0.015894
0.706982 0.293008 0.000010
0.292311 0.675459 0.032230
0.965385 0.000010 0.034605
0.999980 0.000010 0.000010
0.603844 0.396146 0.000010
0.608498 0.391492 0.000010
0.547941 0.347265 0.104794
0.997409 0.002581 0.000010
0.999980 0.000010 0.000010
0.999980 0.000010 0.000010
0.755039 0.160873 0.084087
0.199903 0.800087 0.000010
0.915608 0.000010 0.084382
0.475882 0.410018 0.114099
0.844783 0.155207 0.000010
0.632146 0.367844 0.000010
0.999979 0.000011 0.000010
0.807118 0.100888 0.091994
0.378061 0.533145 0.088795
0.999980 0.000010 0.000010
0.798070 0.125420 0.076510
0.916156 0.016335 0.067509
0.907556 0.092434 0.000010
0.481965 0.518025 0.000010
0.477734 0.485378 0.036888
0.999980 0.000010 0.000010
0.992520 0.007470 0.000010
0.767679 0.157022 0.075299
0.433787 0.527669 0.038543
0.677905 0.231893 0.090203
0.680462 0.241412 0.078126
0.999980 0.000010 0.000010
0.802901 0.175160 0.021939
0.847655 0.152335 0.000010
0.764424 0.235566 0.000010
0.461756 0.511164 0.027080
0.667070 0.332920 0.000010
0.563573 0.418509 0.017917
0.580048 0.401769 0.018183
0.999980 0.000010 0.000010
0.342153 0.599427 0.058420
0.999980 0.000010 0.000010
0.959315 0.000010 0.040675
0.758314 0.221252 0.020434
0.835963 0.164027 0.000010
0.860171 0.139819 0.000010
0.442712 0.510075 0.047213
0.867345 0.105314 0.027340
0.677094 0.233141 0.089765
0.548014 0.397348 0.054638
0.762874 0.237116 0.000010
0.704793 0.257474 0.037733
0.461109 0.538881 0.000010
0.553422 0.348495 0.098083
0.501206 0.399872 0.098922
0.648714 0.351276 0.000010
0.554721 0.445269 0.000010
0.330035 0.599465 0.070500
0.686282 0.227089 0.086629
0.118637 0.855745 0.025618
0.707672 0.292318 0.000010
0.548816 0.347455 0.103729
0.429022 0.557778 0.013200
0.000010 0.929421 0.070569
0.726778 0.273212 0.000010
0.811377 0.150000 0.038623
0.763411 0.120887 0.115702
0.500628 0.499362 0.000010
0.808310 0.191680 0.000010
0.988633 0.000010 0.011357
0.643750 0.268470 0.087780
0.832448 0.167542 0.000010
0.584960 0.415030 0.000010
0.750769 0.109929 0.139302
0.444832 0.546354 0.008814
0.419698 0.509921 0.070381
0.352474 0.522103 0.125423
0.810424 0.149613 0.039962
0.405717 0.594273 0.000010
0.810093 0.075499 0.114408
0.939781 0.016752 0.043467
0.463614 0.415064 0.121322
0.471337 0.484173 0.044490
0.743417 0.256573 0.000010
0.745498 0.254492 0.000010
0.533264 0.348375 0.118361
0.649711 0.350279 0.000010
0.217594 0.699769 0.082637
0.706136 0.280387 0.013477
0.647629 0.347215 0.005156
0.534403 0.464945 0.000653
0.626185 0.373805 0.000010
0.396512 0.603478 0.000010
0.970599 0.000010 0.029391
0.714892 0.285098 0.000010
0.696319 0.198319 0.105362
0.999980 0.000010 0.000010
0.881166 0.118824 0.000010
0.649855 0.325814 0.024331
0.686406 0.206828 0.106766
0.709620 0.224629 0.065752
0.972800 0.000010 0.027190
0.690705 0.227693 0.081601
0.880625 0.057031 0.062345
0.999980 0.000010 0.000010
0.610083 0.389907 0.000010
0.365242 0.599961 0.034797
0.351858 0.648132 0.000010
0.000019 0.999971 0.000010
0.554029 0.445961 0.000010
0.770776 0.138381 0.090843
0.999980 0.000010 0.000010
0.855178 0.048381 0.096441
0.504786 0.477907 0.017307
0.852538 0.105606 0.041855
0.921926 0.078064 0.000010
0.864100 0.105793 0.030107
0.522093 0.477897 0.000010
0.328241 0.595274 0.076485
0.850911 0.066529 0.082560
0.999980 0.000010 0.000010
0.558857 0.354520 0.086623
0.379961 0.577756 0.042283
0.908464 0.013831 0.077705
0.586251 0.322169 0.091580
0.533554 0.338182 0.128264
0.000010 0.999980 0.000010
0.550704 0.404304 0.044992
0.874274 0.027150 0.098576
0.764070 0.229068 0.006862
0.999980 0.000010 0.000010
0.510380 0.471951 0.017669
0.641303 0.325928 0.032769
0.749106 0.205588 0.045306
0.629447 0.370543 0.000010
0.513246 0.486744 0.000010
0.871847 0.053294 0.074859
0.725623 0.125720 0.148657
0.456976 0.543014 0.000010
0.637885 0.362105 0.000010
0.409333 0.590657 0.000010
0.735504 0.170785 0.093711
0.951516 0.048474 0.000010
0.665849 0.269529 0.064622
0.749363 0.250627 0.000010
0.790362 0.205072 0.004566
0.697345 0.302645 0.000010
0.652866 0.254401 0.092733
0.600922 0.399068 0.000010
0.942761 0.000010 0.057229
0.639258 0.273740 0.087002
0.000010 0.000010 0.999980
0.431334 0.568656 0.000010
0.642615 0.248602 0.108782
0.836924 0.163066 0.000010
0.515201 0.484789 0.000010
0.756139 0.243851 0.000010
0.590041 0.320326 0.089633
0.984305 0.000010 0.015685
0.414104 0.575667 0.010230
0.853550 0.106968 0.039482
0.174520 0.734668 0.090813
0.673343 0.326647 0.000010
0.949756 0.050234 0.000010
0.470470 0.373506 0.156024
0.351002 0.567523 0.081475
0.556722 0.381719 0.061558
0.690023 0.296384 0.013593
0.495708 0.391174 0.113118
0.047368 0.897970 0.054662
0.880303 0.023667 0.096031
0.696614 0.303376 0.000010
0.667666 0.332324 0.000010
0.974285 0.000010 0.025705
0.720189 0.175425 0.104386
0.458806 0.491612 0.049582
0.878012 0.103495 0.018493
0.588204 0.411786 0.000010
0.999980 0.000010 0.000010
0.613514 0.386476 0.000010
0.658803 0.341187 0.000010
0.999980 0.000010 0.000010
0.999980 0.000010 0.000010
0.999980 0.000010 0.000010
0.697425 0.290493 0.012082
0.377073 0.617276 0.005651
0.999980 0.000010 0.000010
0.673646 0.305447 0.020908
0.961305 0.038685 0.000010
0.408726 0.544365 0.046909
0.240447 0.734227 0.025326
0.999980 0.000010 0.000010
0.999980 0.000010 0.000010
0.000010 0.999980 0.000010
0.310260 0.689730 0.000010
0.261194 0.698434 0.040372
0.000010 0.999980 0.000010
0.000010 0.999980 0.000010
0.856160 0.108534 0.035306
0.712914 0.201354 0.085732
0.308957 0.691033 0.000010
0.999980 0.000010 0.000010
0.659165 0.289260 0.051574
0.999980 0.000010 0.000010
0.000010 0.996775 0.003215
0.408440 0.555578 0.035982
0.963984 0.036006 0.000010
0.000010 0.999980 0.000010
0.367878 0.632112 0.000010
0.426424 0.476263 0.097313
0.583117 0.327003 0.089880
0.855700 0.062392 0.081908
0.430905 0.471112 0.097983
0.999980 0.000010 0.000010
0.999980 0.000010 0.000010
0.250177 0.749813 0.000010
0.629644 0.328421 0.041935
0.342152 0.657838 0.000010
0.672480 0.327510 0.000010
0.716269 0.138132 0.145599
0.831947 0.168043 0.000010
0.756905 0.177864 0.065232
0.914412 0.063863 0.021726
0.533039 0.346734 0.120227
0.999980 0.000010 0.000010
0.000010 0.999980 0.000010
0.949367 0.050623 0.000010
0.748817 0.251173 0.000010
0.707693 0.292297 0.000010
0.530471 0.370162 0.099367
0.803297 0.196693 0.000010
0.635969 0.333366 0.030665
0.949410 0.000010 0.050580
0.620988 0.327391 0.051621
0.560039 0.439951 0.000010
0.198942 0.801048 0.000010
0.648130 0.332310 0.019560
0.999980 0.000010 0.000010
0.830108 0.070580 0.099312
0.865505 0.080153 0.054342
0.824068 0.137210 0.038723
0.893974 0.000010 0.106016
0.567304 0.235483 0.197213
0.000010 0.999980 0.000010
0.999980 0.000010 0.000010
0.179420 0.820570 0.000010
0.972992 0.000010 0.026998
0.000010 0.999980 0.000010
0.341673 0.658317 0.000010
