0.401033 0.558672 0.040295
0.721775 0.253988 0.024238
0.999980 0.000010 0.000010
0.999980 0.000010 0.000010
0.204991 0.761951 0.033058
0.896936 0.097448 0.005616
0.604069 0.360456 0.035475
0.472679 0.469948 0.057373
0.671288 0.317249 0.011463
0.000010 0.000010 0.999980
0.000010 0.000010 0.999980
0.507114 0.492876 0.000010
0.789847 0.177126 0.033027
0.676872 0.323118 0.000010
0.963313 0.032223 0.004463
0.321119 0.638600 0.040281
0.635355 0.355599 0.009046
0.740847 0.250401 0.008752
0.376742 0.606688 0.016570
0.800370 0.168570 0.031060
0.999980 0.000010 0.000010
0.651972 0.345580 0.002449
0.784205 0.215529 0.000267
0.426805 0.541902 0.031293
0.979801 0.000010 0.020189
0.999980 0.000010 0.000010
0.710833 0.257754 0.031413
0.745150 0.242010 0.012840
0.105550 0.874774 0.019675
0.669760 0.276362 0.053878
0.390374 0.555020 0.054605
0.604490 0.347557 0.047953
0.718660 0.251365 0.029975
0.975143 0.007563 0.017294
0.912417 0.074702 0.012882
0.300538 0.646456 0.053006
0.968866 0.031124 0.000010
0.838714 0.144378 0.016908
0.832893 0.152899 0.014207
0.916417 0.083573 0.000010
0.600324 0.395589 0.004088
0.359778 0.580016 0.060207
0.999980 0.000010 0.000010
0.981024 0.000010 0.018966
0.735117 0.246468 0.018415
0.596160 0.375903 0.027937
0.612826 0.387164 0.000010
0.594073 0.381340 0.024586
0.887868 0.078480 0.033652
0.860834 0.115601 0.023565
0.712304 0.273115 0.014581
0.690247 0.263320 0.046433
0.338591 0.615931 0.045479
0.750835 0.231363 0.017802
0.639026 0.341951 0.019023
0.636483 0.350172 0.013345
0.971057 0.000010 0.028933
0.458709 0.523591 0.017700
0.999980 0.000010 0.000010
0.958703 0.040914 0.000383
0.742454 0.222839 0.034708
0.882052 0.115533 0.002415
0.940589 0.050996 0.008415
0.422448 0.539475 0.038076
0.930496 0.055296 0.014208
0.748664 0.212268 0.039069
0.401157 0.549604 0.049240
0.772059 0.212358 0.015583
0.785030 0.194492 0.020478
0.611166 0.376683 0.012150
0.603682 0.371353 0.024965
0.479722 0.478632 0.041646
0.676012 0.323978 0.000010
0.525837 0.435543 0.038621
0.635102 0.339579 0.025319
0.839816 0.143556 0.016627
0.041226 0.898436 0.060338
0.705819 0.294171 0.000010
0.525224 0.442537 0.032239
0.465311 0.532241 0.002448
0.045052 0.911915 0.043033
0.813929 0.163108 0.022963
0.748254 0.245241 0.006505
0.736881 0.248923 0.014196
0.514017 0.465495 0.020488
0.726406 0.265627 0.007967
0.999980 0.000010 0.000010
0.623795 0.352864 0.023341
0.750421 0.249569 0.000010
0.489510 0.488285 0.022206
0.708649 0.260276 0.031074
0.447931 0.528061 0.024008
0.479807 0.490040 0.030153
0.250595 0.693029 0.056376
0.779376 0.195204 0.025420
0.504999 0.475144 0.019856
0.752012 0.236730 0.011258
0.896246 0.087162 0.016592
0.576018 0.374620 0.049362
0.580659 0.389325 0.030016
0.819149 0.159523 0.021327
0.779194 0.200560 0.020246
0.590243 0.409747 0.000010
0.607932 0.381270 0.010798
0.346953 0.626432 0.026615
0.653986 0.327762 0.018253
0.694239 0.293222 0.012539
0.519751 0.459661 0.020587
0.477369 0.495620 0.027010
0.312710 0.656739 0.030550
0.889240 0.110750 0.000010
0.735938 0.249891 0.014171
0.732335 0.211950 0.055715
0.998521 0.000010 0.001469
0.795920 0.184133 0.019947
0.653880 0.326972 0.019148
0.767393 0.220555 0.012052
0.634579 0.320434 0.044987
0.813015 0.186975 0.000010
0.583381 0.366021 0.050597
0.811203 0.152321 0.036476
0.999980 0.000010 0.000010
0.782250 0.217057 0.000694
0.250961 0.720079 0.028959
0.445144 0.525537 0.029319
0.000010 0.999980 0.000010
0.446871 0.553119 0.000010
0.846307 0.134150 0.019544
0.944099 0.047940 0.007960
0.880544 0.118465 0.000992
0.578774 0.416505 0.004721
0.738136 0.240371 0.021494
0.926053 0.048015 0.025932
0.715261 0.253483 0.031256
0.618630 0.357646 0.023724
0.416104 0.552635 0.031261
0.775266 0.205830 0.018904
0.958493 0.041497 0.000010
0.649737 0.329195 0.021068
0.515332 0.439011 0.045657
0.825691 0.154503 0.019805
0.629842 0.352154 0.018005
0.618025 0.379918 0.002057
0.047150 0.927574 0.025276
0.496463 0.465030 0.038506
0.846105 0.153885 0.000010
0.735892 0.256540 0.007568
0.782033 0.198736 0.019230
0.758048 0.212829 0.029123
0.661460 0.285723 0.052817
0.693755 0.284291 0.021953
0.717976 0.259701 0.022324
0.560728 0.439262 0.000010
0.821890 0.166104 0.012005
0.797644 0.188789 0.013566
0.608047 0.357209 0.034744
0.763456 0.227730 0.008814
0.528680 0.459818 0.011502
0.603268 0.373457 0.023274
0.899954 0.065834 0.034212
0.657084 0.304743 0.038173
0.640838 0.348263 0.010899
0.800501 0.194375 0.005125
0.521369 0.449633 0.028998
0.495781 0.486536 0.017683
0.583132 0.379971 0.036896
0.999980 0.000010 0.000010
0.825409 0.145986 0.028606
0.000010 0.000010 0.999980
0.414516 0.558798 0.026687
0.651926 0.348014 0.000060
0.766792 0.220511 0.012697
0.527195 0.463267 0.009538
0.811870 0.157579 0.030552
0.600070 0.399920 0.000010
0.807504 0.176555 0.015942
0.449107 0.500293 0.050600
0.697794 0.288860 0.013346
0.239156 0.722350 0.038494
0.708822 0.281993 0.009185
0.971682 0.000010 0.028308
0.484360 0.478365 0.037274
0.287409 0.673148 0.039443
0.523646 0.433689 0.042665
0.615600 0.362977 0.021422
0.578262 0.395391 0.026346
0.023584 0.925934 0.050482
0.874426 0.108909 0.016665
0.774394 0.183665 0.041941
0.646553 0.343932 0.009516
0.973035 0.025786 0.001179
0.709309 0.269582 0.021109
0.439631 0.543860 0.016509
0.790473 0.177029 0.032498
0.518196 0.481222 0.000581
0.928568 0.060156 0.011276
0.630875 0.351787 0.017338
0.781355 0.213351 0.005295
0.865871 0.075523 0.058606
0.999980 0.000010 0.000010
0.903701 0.071114 0.025185
0.699873 0.282558 0.017569
0.578314 0.401793 0.019893
0.999980 0.000010 0.000010
0.599193 0.400797 0.000010
0.972908 0.027082 0.000010
0.463340 0.521139 0.015521
0.446938 0.542304 0.010758
0.999980 0.000010 0.000010
0.999980 0.000010 0.000010
0.392908 0.595850 0.011243
0.377729 0.622261 0.000010
0.233462 0.718522 0.048016
0.213607 0.786383 0.000010
0.000010 0.976242 0.023748
0.821452 0.151999 0.026550
0.702375 0.296041 0.001584
0.377680 0.622310 0.000010
0.999980 0.000010 0.000010
0.813318 0.185086 0.001596
0.865795 0.075450 0.058756
0.000010 0.999980 0.000010
0.507104 0.492886 0.000010
0.974383 0.025607 0.000010
0.392557 0.595829 0.011614
0.467997 0.477018 0.054984
0.300658 0.699332 0.000010
0.472955 0.471308 0.055737
0.833645 0.152589 0.013766
0.300816 0.699174 0.000010
0.999980 0.000010 0.000010
0.999980 0.000010 0.000010
0.254125 0.737554 0.008322
0.587915 0.393037 0.019048
0.000010 0.000010 0.999980
0.720357 0.279633 0.000010
0.838322 0.153843 0.007835
0.761443 0.238547 0.000010
0.649439 0.350551 0.000010
0.860671 0.111564 0.027765
0.590685 0.409305 0.000010
0.999980 0.000010 0.000010
0.012676 0.956164 0.031160
0.971651 0.000010 0.028339
0.641068 0.348353 0.010579
0.757298 0.223388 0.019314
0.532397 0.423837 0.043767
0.880333 0.102838 0.016829
0.689507 0.272763 0.037730
0.874403 0.116648 0.008948
0.752688 0.230904 0.016408
0.446908 0.553082 0.000010
0.215426 0.784564 0.000010
0.577788 0.357808 0.064403
0.999980 0.000010 0.000010
0.657800 0.305350 0.036849
0.671732 0.315165 0.013103
0.775974 0.205674 0.018352
0.822081 0.151776 0.026143
0.613087 0.352164 0.034749
0.000010 0.999980 0.000010
0.985910 0.011489 0.002600
0.206984 0.793006 0.000010
0.995870 0.000010 0.004120
0.158893 0.825509 0.015598
0.000020 0.000010 0.999970
