0.358127 0.070703 0.505566 0.065604
0.662566 0.045868 0.202628 0.088938
0.999970 0.000010 0.000010 0.000010
0.977018 0.000010 0.000010 0.022962
0.179554 0.076084 0.710183 0.034179
0.865176 0.000010 0.087083 0.047731
0.000010 0.000010 0.000010 0.999970
0.427870 0.036182 0.438355 0.097593
0.627166 0.045189 0.271742 0.055903
0.000010 0.999970 0.000010 0.000010
0.000010 0.999970 0.000010 0.000010
0.503360 0.000010 0.496620 0.000010
0.773191 0.013509 0.177754 0.035546
0.590483 0.000010 0.261135 0.148372
0.935160 0.009364 0.021397 0.034079
0.293875 0.067938 0.597454 0.040732
0.612902 0.017256 0.339569 0.030273
0.717532 0.011773 0.236583 0.034111
0.347099 0.026070 0.575380 0.051451
0.781956 0.032262 0.157590 0.028193
0.999970 0.000010 0.000010 0.000010
0.637972 0.024181 0.328321 0.009525
0.769332 0.018032 0.202163 0.010473
0.395685 0.056911 0.500519 0.046886
0.915380 0.000010 0.000010 0.084600
0.972373 0.000010 0.000010 0.027607
0.668003 0.010177 0.236361 0.085458
0.725325 0.005929 0.236346 0.032400
0.057445 0.057840 0.810918 0.073797
0.610423 0.052551 0.232561 0.104465
0.366642 0.059226 0.527356 0.046775
0.576632 0.040586 0.329687 0.053096
0.666674 0.025158 0.218743 0.089425
0.951537 0.015622 0.004864 0.027977
0.890151 0.008503 0.067388 0.033958
0.240650 0.090589 0.573183 0.095579
0.921223 0.000010 0.012000 0.066767
0.798130 0.000010 0.131407 0.070453
0.791343 0.016939 0.128953 0.062765
0.895770 0.000010 0.080292 0.023928
0.568792 0.011967 0.373128 0.046113
0.314438 0.091661 0.520787 0.073114
0.999970 0.000010 0.000010 0.000010
0.916690 0.000010 0.000010 0.083290
0.703685 0.057951 0.209862 0.028502
0.548544 0.069724 0.322327 0.059405
0.579086 0.016513 0.355568 0.048833
0.563698 0.034728 0.352576 0.048998
0.843954 0.023133 0.060508 0.072404
0.829240 0.003361 0.110199 0.057200
0.678543 0.034360 0.244118 0.042978
0.626144 0.044910 0.219072 0.109874
0.290159 0.064742 0.560031 0.085067
0.730431 0.015277 0.221425 0.032867
0.587726 0.040955 0.294442 0.076876
0.611110 0.068867 0.306437 0.013586
0.959011 0.024971 0.000010 0.016008
0.423299 0.082306 0.464452 0.029943
0.999970 0.000010 0.000010 0.000010
0.918383 0.000010 0.026340 0.055268
0.701373 0.076830 0.177692 0.044105
0.856668 0.011418 0.103555 0.028359
0.882493 0.000010 0.027988 0.089509
0.410190 0.055405 0.515338 0.019067
0.900980 0.007646 0.048887 0.042487
0.711965 0.065583 0.176402 0.046051
0.361994 0.092848 0.490006 0.055153
0.749584 0.012770 0.202841 0.034806
0.756560 0.023676 0.176043 0.043720
0.597837 0.022875 0.362062 0.017227
0.579492 0.024473 0.354114 0.041921
0.419173 0.076340 0.411646 0.092841
0.589753 0.000010 0.261959 0.148278
0.480129 0.033219 0.400526 0.086126
0.589223 0.046847 0.298243 0.065687
0.823778 0.011670 0.141542 0.023010
0.013829 0.116053 0.830603 0.039515
0.673445 0.014883 0.265613 0.046059
0.468936 0.051463 0.387528 0.092073
0.433444 0.037377 0.490974 0.038205
0.003240 0.078854 0.849774 0.068132
0.774305 0.041054 0.131335 0.053306
0.711008 0.038401 0.209737 0.040854
0.731819 0.003906 0.254354 0.009921
0.484860 0.031735 0.437276 0.046129
0.665393 0.025284 0.218073 0.091250
0.993632 0.000010 0.000010 0.006348
0.583526 0.035433 0.319243 0.061799
0.716927 0.001505 0.231487 0.050081
0.442848 0.047635 0.437031 0.072486
0.676952 0.040695 0.235472 0.046880
0.407422 0.074691 0.469871 0.048016
0.443797 0.067954 0.440728 0.047521
0.221332 0.088838 0.643809 0.046021
0.743840 0.025850 0.173511 0.056799
0.481497 0.066946 0.433467 0.018089
0.734006 0.040735 0.215682 0.009577
0.856253 0.027429 0.062688 0.053630
0.519661 0.030790 0.337380 0.112168
0.547512 0.050148 0.353712 0.048628
0.783838 0.033366 0.136695 0.046101
0.769528 0.040109 0.190352 0.000010
0.000010 0.000010 0.000010 0.999970
0.575216 0.032613 0.346856 0.045315
0.299611 0.073176 0.562039 0.065174
0.619397 0.036705 0.295057 0.048841
0.673966 0.021098 0.277925 0.027011
0.491020 0.031145 0.429926 0.047909
0.449337 0.051938 0.457717 0.041008
0.266280 0.075857 0.592404 0.065460
0.873064 0.000010 0.110572 0.016354
0.699552 0.006274 0.232292 0.061882
0.664869 0.023342 0.182557 0.129232
0.995576 0.004404 0.000010 0.000010
0.786793 0.010376 0.187738 0.015093
0.636811 0.018107 0.318419 0.026663
0.749376 0.012368 0.213801 0.024455
0.610969 0.063695 0.294953 0.030383
0.793967 0.008844 0.177896 0.019293
0.573491 0.083004 0.343495 0.000010
0.784270 0.012350 0.148862 0.054518
0.986341 0.013639 0.000010 0.000010
0.767420 0.019300 0.203179 0.010102
0.236723 0.031497 0.699431 0.032349
0.397559 0.038901 0.480504 0.083036
0.000010 0.000010 0.999970 0.000010
0.446219 0.000010 0.553761 0.000010
0.808687 0.023059 0.115571 0.052684
0.925887 0.005769 0.045782 0.022562
0.855839 0.008961 0.104401 0.030799
0.535864 0.022549 0.377812 0.063776
0.696065 0.041844 0.202723 0.059368
0.901117 0.000010 0.048919 0.049954
0.695145 0.020414 0.246622 0.037820
0.570264 0.043172 0.313165 0.073398
0.350848 0.071830 0.480388 0.096934
0.735684 0.043254 0.170868 0.050194
0.938429 0.006600 0.036448 0.018523
0.606449 0.071185 0.275785 0.046581
0.479675 0.063495 0.400524 0.056306
0.802775 0.019455 0.143673 0.034097
0.594691 0.050375 0.314423 0.040511
0.595816 0.009230 0.362776 0.032178
0.032346 0.107703 0.859942 0.000010
0.443795 0.075351 0.405054 0.075800
0.829115 0.002553 0.144946 0.023385
0.712219 0.030739 0.234867 0.022176
0.767133 0.026466 0.189396 0.017005
0.727002 0.035406 0.191251 0.046341
0.634976 0.060728 0.261946 0.042351
0.672682 0.050983 0.259020 0.017314
0.704129 0.028643 0.249531 0.017697
0.553834 0.025199 0.419455 0.001512
0.803722 0.015670 0.158506 0.022101
0.758573 0.029729 0.158355 0.053342
0.556636 0.049435 0.312518 0.081410
0.725009 0.013061 0.204614 0.057316
0.476085 0.016077 0.414719 0.093118
0.586793 0.048943 0.349963 0.014302
0.875917 0.033744 0.057070 0.033268
0.625118 0.012024 0.294075 0.068782
0.640529 0.006970 0.352492 0.000010
0.755797 0.004076 0.169173 0.070954
0.492822 0.037562 0.420192 0.049424
0.439205 0.023891 0.437394 0.099510
0.553423 0.035309 0.357186 0.054082
0.999970 0.000010 0.000010 0.000010
0.796049 0.010498 0.138137 0.055316
0.000010 0.999970 0.000010 0.000010
0.357492 0.064807 0.492514 0.085187
0.634890 0.000010 0.339882 0.025218
0.717681 0.010763 0.192617 0.078939
0.516881 0.032545 0.443011 0.007564
0.788319 0.003313 0.157687 0.050681
0.567034 0.000010 0.378030 0.054926
0.790057 0.036571 0.163528 0.009844
0.424772 0.062916 0.468369 0.043943
0.662002 0.040190 0.254072 0.043736
0.221105 0.112725 0.663264 0.002906
0.691803 0.027253 0.264166 0.016778
0.938152 0.061828 0.000010 0.000010
0.444412 0.046447 0.438388 0.070752
0.264707 0.094272 0.618603 0.022418
0.493790 0.033712 0.411425 0.061073
0.577006 0.001089 0.342300 0.079605
0.519283 0.014900 0.355498 0.110319
0.000010 0.087337 0.846846 0.065808
0.831110 0.032682 0.079966 0.056242
0.750878 0.050067 0.165238 0.033816
0.624280 0.000010 0.331571 0.044139
0.961099 0.023133 0.015759 0.000010
0.682088 0.000010 0.264192 0.053710
0.410744 0.074038 0.493692 0.021525
0.767571 0.019033 0.169638 0.043759
0.489453 0.018820 0.451256 0.040470
0.902615 0.000010 0.059170 0.038205
0.603872 0.030170 0.327492 0.038466
0.737271 0.000010 0.191256 0.071463
0.764341 0.052614 0.000010 0.183036
0.990314 0.000010 0.000010 0.009666
0.866295 0.022664 0.052704 0.058338
0.665457 0.015761 0.261068 0.057714
0.525832 0.057527 0.345525 0.071116
0.999970 0.000010 0.000010 0.000010
0.585466 0.040184 0.374340 0.000010
0.838035 0.000010 0.000010 0.161945
0.423240 0.050192 0.471834 0.054734
0.401242 0.050579 0.489616 0.058563
0.999970 0.000010 0.000010 0.000010
0.999970 0.000010 0.000010 0.000010
0.000010 0.999970 0.000010 0.000010
0.375475 0.000010 0.624505 0.000010
0.201374 0.095157 0.658622 0.044847
0.218754 0.000010 0.781226 0.000010
0.000010 0.098655 0.901325 0.000010
0.811647 0.026602 0.150169 0.011583
0.674056 0.000010 0.285846 0.040088
0.375449 0.000010 0.624531 0.000010
0.999970 0.000010 0.000010 0.000010
0.779950 0.024794 0.160007 0.035250
0.764159 0.052747 0.000010 0.183085
0.000010 0.000010 0.999970 0.000010
0.503538 0.000010 0.496442 0.000010
0.839074 0.000010 0.000010 0.160906
0.000010 0.999970 0.000010 0.000010
0.439126 0.074166 0.439209 0.047498
0.000010 0.999970 0.000010 0.000010
0.428728 0.035862 0.439726 0.095684
0.797143 0.035365 0.123740 0.043753
0.000010 0.999970 0.000010 0.000010
0.999970 0.000010 0.000010 0.000010
0.999970 0.000010 0.000010 0.000010
0.218911 0.055925 0.680014 0.045150
0.556083 0.032623 0.361845 0.049450
0.000010 0.000010 0.000010 0.999970
0.709624 0.003882 0.270608 0.015886
0.815928 0.034334 0.134335 0.015403
0.742555 0.031040 0.212655 0.013751
0.620402 0.000010 0.333124 0.046464
0.826684 0.024073 0.094743 0.054499
0.000010 0.000010 0.000010 0.999970
0.979453 0.000010 0.000484 0.020053
0.000010 0.048813 0.883096 0.068081
0.938103 0.061877 0.000010 0.000010
0.640712 0.006674 0.352604 0.000010
0.720595 0.009340 0.205389 0.064676
0.468036 0.047174 0.369315 0.115475
0.840878 0.014772 0.087593 0.056758
0.655714 0.037802 0.248709 0.057774
0.858757 0.000010 0.118691 0.022542
0.721933 0.031557 0.206176 0.040333
0.446333 0.000010 0.553647 0.000010
0.211545 0.018429 0.770017 0.000010
0.553344 0.049728 0.341082 0.055846
0.996575 0.000010 0.003405 0.000010
0.609227 0.035554 0.271809 0.083410
0.623510 0.025267 0.278552 0.072671
0.748791 0.005455 0.199538 0.046216
0.793966 0.004562 0.147238 0.054233
0.000010 0.000010 0.000010 0.999970
0.000010 0.000010 0.999970 0.000010
0.949215 0.000010 0.000010 0.050765
0.203238 0.018777 0.777975 0.000010
0.962956 0.000010 0.000010 0.037024
0.135551 0.024773 0.792193 0.047483
0.000010 0.000010 0.000010 0.999970
