0.193885 0.000010 0.456330 0.349774
0.520219 0.000010 0.112940 0.366831
0.999970 0.000010 0.000010 0.000010
0.917643 0.000010 0.082337 0.000010
0.000010 0.148384 0.366088 0.485518
0.588945 0.012659 0.398386 0.000010
0.000010 0.411281 0.588699 0.000010
0.513209 0.322426 0.000010 0.164355
0.623391 0.188959 0.000010 0.187639
0.000010 0.999970 0.000010 0.000010
0.000010 0.999970 0.000010 0.000010
0.426460 0.059546 0.000010 0.513984
0.463403 0.106798 0.252810 0.176989
0.000010 0.000010 0.915694 0.084286
0.999970 0.000010 0.000010 0.000010
0.000010 0.016429 0.308967 0.674594
0.327256 0.000010 0.375575 0.297160
0.291853 0.075201 0.550692 0.082254
0.000010 0.000010 0.472093 0.527887
0.945688 0.054292 0.000010 0.000010
0.999970 0.000010 0.000010 0.000010
0.208679 0.000010 0.485585 0.305726
0.000010 0.000010 0.999970 0.000010
0.456978 0.091058 0.076583 0.375382
0.969338 0.000010 0.000010 0.030642
0.926837 0.000010 0.073143 0.000010
0.829318 0.026811 0.143860 0.000010
0.575755 0.104389 0.178979 0.140877
0.000010 0.000010 0.295631 0.704349
0.637190 0.069981 0.292818 0.000010
0.270834 0.131869 0.251081 0.346216
0.503724 0.000010 0.382117 0.114149
0.195624 0.000010 0.542978 0.261388
0.894840 0.000010 0.105140 0.000010
0.765875 0.150352 0.000010 0.083763
0.368599 0.114852 0.000010 0.516538
0.754669 0.000010 0.245311 0.000010
0.041887 0.134343 0.823760 0.000010
0.000010 0.000010 0.999970 0.000010
0.718328 0.000010 0.187923 0.093739
0.401009 0.000010 0.095691 0.503290
0.475705 0.040458 0.000010 0.483827
0.806504 0.000010 0.193476 0.000010
0.966611 0.000010 0.000010 0.033369
0.546415 0.032060 0.329437 0.092088
0.191451 0.128498 0.259552 0.420499
0.139867 0.055815 0.649785 0.154533
0.444715 0.091582 0.259678 0.204025
0.706140 0.000010 0.293840 0.000010
0.718982 0.030428 0.073816 0.176775
0.825393 0.000010 0.000010 0.174587
0.492732 0.000010 0.315974 0.191284
0.401769 0.030536 0.081400 0.486294
0.346521 0.000010 0.464371 0.189097
0.210814 0.064955 0.435958 0.288274
0.340671 0.052321 0.276182 0.330826
0.575821 0.000010 0.424159 0.000010
0.098830 0.107568 0.311802 0.481800
0.999970 0.000010 0.000010 0.000010
0.902269 0.077669 0.020052 0.000010
0.476936 0.011840 0.323742 0.187482
0.814635 0.000010 0.009056 0.176298
0.376426 0.000010 0.623554 0.000010
0.053780 0.071486 0.461022 0.413712
0.459767 0.078459 0.441125 0.020649
0.702033 0.047158 0.000010 0.250799
0.305587 0.058270 0.309493 0.326650
0.745677 0.036141 0.000010 0.218171
0.551618 0.059243 0.162263 0.226876
0.340014 0.000069 0.142599 0.517318
0.422331 0.117606 0.143315 0.316747
0.478838 0.144828 0.000010 0.376324
0.000010 0.000010 0.916014 0.083966
0.301303 0.026087 0.334515 0.338095
0.071263 0.062496 0.350337 0.515904
0.646445 0.129780 0.000010 0.223765
0.128546 0.047335 0.000010 0.824109
0.355443 0.000010 0.454426 0.190121
0.000010 0.084000 0.739844 0.176146
0.328511 0.021985 0.123945 0.525558
0.000010 0.115263 0.000010 0.884717
0.343102 0.063042 0.443470 0.150386
0.612802 0.000010 0.272689 0.114499
0.478460 0.175137 0.304242 0.042160
0.336450 0.000010 0.242667 0.420873
0.467403 0.000010 0.432441 0.100146
0.871765 0.018162 0.110063 0.000010
0.358570 0.111015 0.316801 0.213614
0.759816 0.017538 0.086202 0.136444
0.429546 0.000010 0.218563 0.351881
0.669610 0.287665 0.000010 0.042716
0.277299 0.000010 0.203467 0.519225
0.386915 0.079229 0.026881 0.506975
0.223426 0.190645 0.125997 0.459933
0.641954 0.072983 0.161117 0.123946
0.377154 0.003798 0.049197 0.569852
0.642653 0.174427 0.138170 0.044750
0.741831 0.063713 0.194445 0.000010
0.290504 0.144939 0.185011 0.379546
0.375837 0.093115 0.085256 0.445792
0.379926 0.000010 0.435887 0.184177
0.654150 0.000010 0.135842 0.209998
0.442745 0.254107 0.000010 0.303138
0.453116 0.000010 0.257336 0.289538
0.164955 0.223107 0.000010 0.611928
0.623594 0.029002 0.070211 0.277193
0.545728 0.052944 0.093248 0.308080
0.207352 0.011682 0.400488 0.380478
0.601969 0.000010 0.018925 0.379096
0.142205 0.000010 0.303281 0.554504
0.999970 0.000010 0.000010 0.000010
0.630684 0.000010 0.098904 0.270402
0.170523 0.019738 0.719376 0.090363
0.916917 0.000010 0.083063 0.000010
0.721657 0.000010 0.173076 0.105257
0.417767 0.044522 0.252958 0.284753
0.310735 0.180491 0.440006 0.068768
0.485730 0.089768 0.250583 0.173920
0.652491 0.042283 0.305216 0.000010
0.444767 0.120881 0.283878 0.150474
0.729032 0.116658 0.112585 0.041726
0.999970 0.000010 0.000010 0.000010
0.000010 0.000010 0.999970 0.000010
0.122494 0.039994 0.283915 0.553596
0.210472 0.000010 0.223932 0.565585
0.000010 0.000010 0.000010 0.999970
0.000010 0.000010 0.874474 0.125506
0.571633 0.126015 0.178412 0.123941
0.999970 0.000010 0.000010 0.000010
0.850624 0.147841 0.000010 0.001525
0.246205 0.153732 0.284453 0.315609
0.660022 0.021992 0.245782 0.072204
0.605117 0.000010 0.381435 0.013439
0.744164 0.000010 0.134785 0.121041
0.000010 0.000010 0.705597 0.294383
0.000010 0.063566 0.474414 0.462010
0.848317 0.087393 0.000010 0.064280
0.645247 0.000010 0.354733 0.000010
0.254423 0.235205 0.286573 0.223799
0.139147 0.056493 0.316164 0.488196
0.655475 0.098837 0.245678 0.000010
0.549771 0.168486 0.000010 0.281733
0.480185 0.190498 0.000010 0.329307
0.000010 0.000010 0.016462 0.983518
0.113721 0.085067 0.529102 0.272109
0.554612 0.123386 0.321992 0.000010
0.568896 0.042270 0.217363 0.171471
0.744564 0.000010 0.255416 0.000010
0.211369 0.034353 0.401436 0.352842
0.502024 0.027483 0.189573 0.280920
0.440766 0.011182 0.383271 0.164781
0.438165 0.042703 0.199076 0.320057
0.397648 0.094249 0.096752 0.411350
0.611848 0.085489 0.302652 0.000010
0.493308 0.234530 0.231746 0.040416
0.151497 0.000010 0.397122 0.451371
0.425819 0.000010 0.253829 0.320341
0.000010 0.000010 0.589627 0.410353
0.495504 0.047298 0.291880 0.165317
0.722453 0.000010 0.267169 0.010368
0.623524 0.068054 0.047859 0.260563
0.739438 0.000010 0.000010 0.260542
0.773309 0.000010 0.000010 0.226671
0.689440 0.000010 0.000010 0.310540
0.306232 0.122012 0.366772 0.204985
0.406663 0.000010 0.230687 0.362641
0.978991 0.020989 0.000010 0.000010
0.410153 0.106114 0.290160 0.193573
0.000010 0.999970 0.000010 0.000010
0.209071 0.000010 0.283765 0.507155
0.362528 0.104867 0.374159 0.158446
0.428792 0.000010 0.478968 0.092231
0.507311 0.000010 0.000010 0.492669
0.412826 0.011298 0.380703 0.195174
0.403339 0.040331 0.240762 0.315568
0.768033 0.024520 0.207437 0.000010
0.293803 0.008451 0.170172 0.527574
0.670141 0.101793 0.178512 0.049555
0.056140 0.151995 0.134730 0.657135
0.556097 0.000010 0.142084 0.301809
0.913841 0.000010 0.000010 0.086139
0.267073 0.221389 0.225104 0.286433
0.055842 0.174183 0.333076 0.436898
0.426464 0.117842 0.125099 0.330595
0.468585 0.000010 0.235806 0.295599
0.455353 0.119184 0.010836 0.414628
0.000010 0.067569 0.179834 0.752586
0.698645 0.177726 0.123619 0.000010
0.372830 0.036820 0.366478 0.223872
0.555075 0.000010 0.116241 0.328674
0.965902 0.034078 0.000010 0.000010
0.536545 0.150923 0.181474 0.131058
0.102005 0.107293 0.407096 0.383606
0.490057 0.096826 0.413106 0.000010
0.578262 0.000010 0.000010 0.421718
0.863279 0.000010 0.136701 0.000010
0.372636 0.000010 0.291235 0.336119
0.272570 0.013520 0.525649 0.188260
0.999970 0.000010 0.000010 0.000010
0.982554 0.017426 0.000010 0.000010
0.674825 0.000010 0.325155 0.000010
0.438092 0.024954 0.299740 0.237213
0.000010 0.050091 0.481714 0.468185
0.999970 0.000010 0.000010 0.000010
0.679973 0.024789 0.000010 0.295228
0.000010 0.000010 0.999970 0.000010
0.303424 0.118496 0.105910 0.472170
0.046429 0.030353 0.238590 0.684629
0.000010 0.000010 0.999970 0.000010
0.999970 0.000010 0.000010 0.000010
0.000010 0.000010 0.000010 0.999970
0.317466 0.000010 0.000010 0.682514
0.111608 0.047159 0.204227 0.637006
0.000010 0.000010 0.000010 0.999970
0.000010 0.000010 0.000010 0.999970
0.456441 0.066605 0.476944 0.000010
0.485450 0.127905 0.239236 0.147408
0.316062 0.000010 0.000010 0.683918
0.999970 0.000010 0.000010 0.000010
0.400887 0.075000 0.305117 0.218996
0.999970 0.000010 0.000010 0.000010
0.000010 0.005822 0.000010 0.994158
0.423206 0.059967 0.000010 0.516817
0.000010 0.000010 0.999970 0.000010
0.000010 0.000010 0.000010 0.999970
0.232639 0.006063 0.180612 0.580686
0.000010 0.999970 0.000010 0.000010
0.509511 0.317216 0.000010 0.173263
0.734043 0.041933 0.125442 0.098583
0.000010 0.999970 0.000010 0.000010
0.999970 0.000010 0.000010 0.000010
0.000010 0.000010 0.999970 0.000010
0.000010 0.000010 0.341271 0.658709
0.382901 0.070235 0.273049 0.273815
0.357444 0.000010 0.000010 0.642536
0.342456 0.000010 0.450749 0.206785
0.364432 0.216341 0.342683 0.076544
0.442455 0.000010 0.473260 0.084275
0.247242 0.068291 0.625646 0.058821
0.883227 0.041967 0.010514 0.064291
0.442665 0.257628 0.000010 0.299697
0.819237 0.000010 0.180743 0.000010
0.000010 0.000010 0.000010 0.999970
0.913510 0.000010 0.000010 0.086470
0.738769 0.000010 0.000010 0.261211
0.685223 0.000010 0.000010 0.314757
0.325501 0.172455 0.209285 0.292759
0.261977 0.000010 0.671369 0.066644
0.251478 0.000010 0.566217 0.182295
0.725738 0.074178 0.200074 0.000010
0.383152 0.088702 0.313174 0.214972
0.000010 0.000010 0.877490 0.122490
0.195091 0.000010 0.000010 0.804889
0.466396 0.065365 0.193878 0.274362
0.999970 0.000010 0.000010 0.000010
0.668368 0.153012 0.135426 0.043194
0.832870 0.096035 0.000010 0.071085
0.480084 0.060533 0.376542 0.082841
0.722023 0.073591 0.204376 0.000010
0.000010 0.393305 0.606675 0.000010
0.000010 0.000010 0.000010 0.999970
0.999970 0.000010 0.000010 0.000010
0.178486 0.000010 0.000010 0.821494
0.631135 0.053112 0.315743 0.000010
0.000010 0.000010 0.026812 0.973168
0.357581 0.000010 0.000010 0.642399
